6
211000026 3
211000026 F123 2014 11 10
211000026 F122 2014 11 9
211000026 F121 2014 9 8
1112027002 3
1112027002 XW3004 2014 10 25
1112027002 XW3002 2014 10 18
1112027002 XW3001 2014 10 5
1211000023 1
1211000023 TP310 2014 11 6
1211000022 2
1211000022 F123 2014 11 4
1211000022 F124 2014 11 3
1112025017 3
1112025017 XW3138 2014 11 2
1112025017 XW3136 2014 10 30
1112025017 XW3038 2014 10 15
1311000049 4
1311000049 G548 2014 10 31
1311000049 G545 2014 11 1
1311000049 G543 2014 10 26
1311000049 F125 2014 9 30
